❯❯❯ cd src && javac hw4.java && java hw4                                                                     master
Element 1 in String array is: "one" with length of 3
Element 2 in String array is: "two" with length of 3
Element 3 in String array is: "three" with length of 5
Element 4 in String array is: "four" with length of 4
Element 5 in String array is: "five" with length of 4
Element 6 in String array is: "six" with length of 3
Element 7 in String array is: "seven" with length of 5
Element 8 in String array is: "eight" with length of 5
Element 9 in String array is: "nine" with length of 4
Element 10 in String array is: "ten" with length of 3

Element 1 in Time array is: 14:21:00 
Element 2 in Time array is: 01:00:01 
Element 3 in Time array is: 00:50:23 

Number of rows for 2D Array = 10
Number of columns for 2D Array = 20
1 2 3 4 5 6 7 8 9 10 11 12 13 14 15 16 17 18 19 20
2 4 6 8 10 12 14 16 18 20 22 24 26 28 30 32 34 36 38 40
3 6 9 12 15 18 21 24 27 30 33 36 39 42 45 48 51 54 57 60
4 8 12 16 20 24 28 32 36 40 44 48 52 56 60 64 68 72 76 80
5 10 15 20 25 30 35 40 45 50 55 60 65 70 75 80 85 90 95 100
6 12 18 24 30 36 42 48 54 60 66 72 78 84 90 96 102 108 114 120
7 14 21 28 35 42 49 56 63 70 77 84 91 98 105 112 119 126 133 140
8 16 24 32 40 48 56 64 72 80 88 96 104 112 120 128 136 144 152 160
9 18 27 36 45 54 63 72 81 90 99 108 117 126 135 144 153 162 171 180
10 20 30 40 50 60 70 80 90 100 110 120 130 140 150 160 170 180 190 200

